LM = [15.3408,16.2173,20.1895,20.8322,24.5774];
LS = [5.4829,3.8156,6.2199,4.7574,4.6362];
tic
[na,Sme,Hme,~] = RandlLoop(14,298,LM(3),LS(3),.017,.1,1);
toc