G1 = PVG(298,.017,.1,1);
G2 = NOVG(298,.017,.1,1);
G3 = NVG(298,.017,.1,1);
TotG = 2*G1 + 2*G2 + 2*G3;
G4 = PV(298,0,.017,.1);
G5 = NOV(298,0,.017,.1);
G6 = NV(298,0,.017,.1);
Tot = 2*G4 + 2*G5 + 2*G6;